166068552
708182608
2971075656
4201186904
2077624408
3330212680
4120841040
1302463824
2674330712
3750496088
1237257552
4084469336
2618888008
467994944
3570405704
2867532632
783488584
1423182408
948244560
226038336
62265424
3162380864
3134198872
2148816006
475682182
501947216
4279457670
4100265280
1467489608
761208648
1735202648
540481880
440738112
3130203200
4091420248
673341574
168780166
1117938306
2072142722
3127141508
1166484560
3863618896
4264568656
199043408
3759153224
4021887576
876702594
1361996928
3985534340
1863675524
2815455110
1147039878
4257033296
3990695512
676733768
3004003460
2191599184
2592286784
4271536004
2617538692
3801381254
570129028
2474670980
802716804
645214024
2096332422
1380220800
2337964160
2823629392
1618117254
4002884440
2583965000
185676376
425276248
1945449792
2583048264
1858875728
2925890176
2223541120
847809664
3470101890
1797295746
3242735440
3698626688
2029228416
1306432134
3928265606
591434880
3047699528
341456448
4191959104
1395759238
4020803974
2348325510
690985858
2520398144
1868512080
338051136
3198459776
3538631248
3068764546
4018250368
3294274434
1922475136
3832063366
2960539976
4116359040
1748936838
3770432584
3166780752
774127192
2123279488
450407810
1288913480
2680569672
735462232
1887585352
399197760
3061663560
1388529728
1170031944
2338081360
1615809624
4010559816
3288222528
4238101832
2565361224
2924826448
4263530824
918967104
3327940160
4036251736
925980992
2591642184
2514311256
3549387328
203512664
2837797968
2343788360
732587328
1165253976
3358549584
3787546192
1685940032
3864684608
2549836376
1478453592
2054976328
133394752
1106342464
3725229384
2327409992
654472784
3290267968
1745782864
303532368
833525064
1033536344
1159960128
316441680
3781990232
1271301448
435527752
2220852824
2699012432
3172239176
1269672512
2749992784
3793726296
3313278024
2593627472
292724304
2191631936
